H = [ 0 0.5 1/3 0.25 0 ; 0.5 0 0 0.25 0.5; 0.5 0.5 1/3 0.25 0; 0 0 0 0 0.5 ; 0 0 1/3 0.25 0];
x0 = ones(5,1)/5;
rank10 = H^10 * x0